{"outcomes":{"oneDeck":{"H17":{"us":[[0.20457379162965372,0.08177626410416174,0.20538645267670935,0.20616117986950755,0.20946015180487443,0.09264215991509317],[0.356345070063869,0.12977908864888768,0.13310821611252696,0.13317180437425438,0.12562254116628524,0.12197327963417676],[0.3780752676237069,0.12352724035820196,0.13193566347980473,0.12494940518711929,0.12420981014185312,0.11730261320931402],[0.40579555519295035,0.12278573638969836,0.11537400253927922,0.12190728991606263,0.11778986776657305,0.11634754819543636],[0.4299609490756181,0.11665639069801104,0.12383758785566959,0.11744780982502065,0.10523910332781679,0.10685815921786361],[0.43775588421858996,0.11610640037698683,0.11380968670932048,0.1160555577223929,0.10961530679418731,0.10665716417852239],[0.25985366711182356,0.3723448664078645,0.13858338154873426,0.07733443127482252,0.0788966658716112,0.07298698778514388],[0.23862734659081022,0.13085746416975674,0.36298936571236584,0.12944463829318353,0.06828976376242751,0.06979142147145627],[0.23344245993186055,0.12188622720133381,0.10392095413558577,0.35739125005537214,0.12225027908172215,0.06110882959412559],[0.2324990557169194,0.12415591134597796,0.1224856811069341,0.12442090777303305,0.35686880952314015,0.039569634533995465]],"enhc":[[0.14039377856937013,0.056120965561679594,0.14095148713107497,0.1414831626555443,0.14374716300334514,0.06357795288290705,0.3137254901960788],[0.356345070063869,0.12977908864888768,0.13310821611252696,0.13317180437425438,0.12562254116628524,0.12197327963417676,0],[0.3780752676237069,0.12352724035820196,0.13193566347980473,0.12494940518711929,0.12420981014185312,0.11730261320931402,0],[0.40579555519295035,0.12278573638969836,0.11537400253927922,0.12190728991606263,0.11778986776657305,0.11634754819543636,0],[0.4299609490756181,0.11665639069801104,0.12383758785566959,0.11744780982502065,0.10523910332781679,0.10685815921786361,0],[0.43775588421858996,0.11610640037698683,0.11380968670932048,0.1160555577223929,0.10961530679418731,0.10665716417852239,0],[0.25985366711182356,0.3723448664078645,0.13858338154873426,0.07733443127482252,0.0788966658716112,0.07298698778514388,0],[0.23862734659081022,0.13085746416975674,0.36298936571236584,0.12944463829318353,0.06828976376242751,0.06979142147145627,0],[0.23344245993186055,0.12188622720133381,0.10392095413558577,0.35739125005537214,0.12225027908172215,0.06110882959412559,0],[0.2142638356606904,0.1144181928090385,0.11287896102011573,0.11466240520259909,0.32887909897230555,0.036466133786231106,0.0784313725490196]]},"S17":{"us":[[0.1698149430810044,0.18378593840602195,0.19089016601150116,0.1886798993459569,0.19169199620884197,0.07513705694667377],[0.35297254315759274,0.138975832981695,0.13176227076179298,0.1318154534260223,0.12394809967438557,0.12052579999851153],[0.3755879489593348,0.13031318483158177,0.1309463861235469,0.1237610948654668,0.12334456949789835,0.11604681572217138],[0.4028030706258891,0.1309726514887629,0.11416293951400745,0.12067875418066659,0.11628648799961844,0.11509609619105561],[0.4289051528440822,0.11968729038443511,0.12348305862492087,0.11690947571246721,0.10469365813771486,0.10632136429637977],[0.4208230339893833,0.1669476681205939,0.10645402905927308,0.10719186053213829,0.10070493166664622,0.09787847663196513],[0.25985366711182356,0.3723448664078645,0.13858338154873426,0.07733443127482252,0.0788966658716112,0.07298698778514388],[0.23862734659081022,0.13085746416975674,0.36298936571236584,0.12944463829318353,0.06828976376242751,0.06979142147145627],[0.23344245993186055,0.12188622720133381,0.10392095413558577,0.35739125005537214,0.12225027908172215,0.06110882959412559],[0.2324990557169194,0.12415591134597796,0.1224856811069341,0.12442090777303305,0.35686880952314015,0.039569634533995465]],"enhc":[[0.1165396668202971,0.1261276047884464,0.13100305510593213,0.12948620543349978,0.13155333073155817,0.051564646924187864,0.3137254901960787],[0.35297254315759274,0.138975832981695,0.13176227076179298,0.1318154534260223,0.12394809967438557,0.12052579999851153,0],[0.3755879489593348,0.13031318483158177,0.1309463861235469,0.1237610948654668,0.12334456949789835,0.11604681572217138,0],[0.4028030706258891,0.1309726514887629,0.11416293951400745,0.12067875418066659,0.11628648799961844,0.11509609619105561,0],[0.4289051528440822,0.11968729038443511,0.12348305862492087,0.11690947571246721,0.10469365813771486,0.10632136429637977,0],[0.4208230339893833,0.1669476681205939,0.10645402905927308,0.10719186053213829,0.10070493166664622,0.09787847663196513,0],[0.25985366711182356,0.3723448664078645,0.13858338154873426,0.07733443127482252,0.0788966658716112,0.07298698778514388,0],[0.23862734659081022,0.13085746416975674,0.36298936571236584,0.12944463829318353,0.06828976376242751,0.06979142147145627,0],[0.23344245993186055,0.12188622720133381,0.10392095413558577,0.35739125005537214,0.12225027908172215,0.06110882959412559,0],[0.2142638356606904,0.1144181928090385,0.11287896102011573,0.11466240520259909,0.32887909897230555,0.036466133786231106,0.0784313725490196]]}},"twoDeck":{"H17":{"us":[[0.20255597421266108,0.08242614718014928,0.20609422250663825,0.2065457144204381,0.20811181911531026,0.09426612256480316],[0.35652737607854973,0.12994900709806403,0.13483834810564221,0.1322342212554877,0.12564978329701496,0.12080126416524135],[0.3774601161352337,0.12499946212197163,0.13190371896418263,0.1259127283283861,0.12296986833487443,0.11675410611535145],[0.40132797249044877,0.12257483392756481,0.12149932809750712,0.12234190478648163,0.11779839317950051,0.1144575675184972],[0.42366760758559446,0.11753309965599809,0.1233311218260057,0.11791984878858966,0.1096273944996692,0.10792092764414297],[0.438754267354821,0.11549969247733687,0.1141548267909517,0.11545069764265413,0.1099559525304443,0.10618456320379194],[0.2611430700063458,0.37047799364221945,0.13819526353632675,0.07801263647023486,0.07878143074601944,0.07338960559885367],[0.24163015451087827,0.12969665098837382,0.36118151637810897,0.1290246223412177,0.06885690650770541,0.06961014927371603],[0.23089819919987462,0.1209398873960835,0.11201593049780353,0.354050992990586,0.12111787835253343,0.06097711156311885],[0.23114438750376587,0.12241217894456408,0.12160032597687015,0.12252421703912984,0.3638695577651529,0.03844933277051721]],"enhc":[[0.13962596280678577,0.05681802378437473,0.1420649494948671,0.14237617207622427,0.14345571997268955,0.06497956021457303,0.31067961165048563],[0.35652737607854973,0.12994900709806403,0.13483834810564221,0.1322342212554877,0.12564978329701496,0.12080126416524135,0],[0.3774601161352337,0.12499946212197163,0.13190371896418263,0.1259127283283861,0.12296986833487443,0.11675410611535145,0],[0.40132797249044877,0.12257483392756481,0.12149932809750712,0.12234190478648163,0.11779839317950051,0.1144575675184972,0],[0.42366760758559446,0.11753309965599809,0.1233311218260057,0.11791984878858966,0.1096273944996692,0.10792092764414297,0],[0.438754267354821,0.11549969247733687,0.1141548267909517,0.11545069764265413,0.1099559525304443,0.10618456320379194,0],[0.2611430700063458,0.37047799364221945,0.13819526353632675,0.07801263647023486,0.07878143074601944,0.07338960559885367,0],[0.24163015451087827,0.12969665098837382,0.36118151637810897,0.1290246223412177,0.06885690650770541,0.06961014927371603,0],[0.23089819919987462,0.1209398873960835,0.11201593049780353,0.354050992990586,0.12111787835253343,0.06097711156311885,0],[0.21319142536755106,0.11290443689061735,0.11215564046410353,0.11300777299725569,0.335607844540675,0.03546297682717607,0.07766990291262137]]},"S17":{"us":[[0.16809614889512312,0.1863672456320162,0.18988314019515537,0.18885054155687997,0.1902721937164293,0.07653073000439604],[0.35329079052477164,0.13936666310757104,0.13334789617699028,0.13074349250864095,0.12399689187940664,0.11925426580261947],[0.37479370447128196,0.13276373800046568,0.1306759284485195,0.12457518422251582,0.12181103294339128,0.11538041191382575],[0.3985396711389682,0.13070383247986778,0.12020784882575554,0.12103821889912901,0.11636567770197517,0.11314475095430436],[0.42250525267647393,0.12100450260955056,0.12283050368989995,0.117317981183556,0.10902188699511967,0.10731987284539991],[0.42213216689152333,0.1662242085290224,0.10616995611790869,0.10674858617207664,0.10121721310075049,0.09750786918871863],[0.2611430700063458,0.37047799364221945,0.13819526353632675,0.07801263647023486,0.07878143074601944,0.07338960559885367],[0.24163015451087827,0.12969665098837382,0.36118151637810897,0.1290246223412177,0.06885690650770541,0.06961014927371603],[0.23089819919987462,0.1209398873960835,0.11201593049780353,0.354050992990586,0.12111787835253343,0.06097711156311885],[0.23114438750376587,0.12241217894456408,0.12160032597687015,0.12252421703912984,0.3638695577651529,0.03844933277051721]],"enhc":[[0.11587210263644408,0.12846674213469075,0.1308903199403498,0.13017852864600463,0.1311585024647231,0.052754192527302124,0.3106796116504855],[0.35329079052477164,0.13936666310757104,0.13334789617699028,0.13074349250864095,0.12399689187940664,0.11925426580261947,0],[0.37479370447128196,0.13276373800046568,0.1306759284485195,0.12457518422251582,0.12181103294339128,0.11538041191382575,0],[0.3985396711389682,0.13070383247986778,0.12020784882575554,0.12103821889912901,0.11636567770197517,0.11314475095430436,0],[0.42250525267647393,0.12100450260955056,0.12283050368989995,0.117317981183556,0.10902188699511967,0.10731987284539991,0],[0.42213216689152333,0.1662242085290224,0.10616995611790869,0.10674858617207664,0.10121721310075049,0.09750786918871863,0],[0.2611430700063458,0.37047799364221945,0.13819526353632675,0.07801263647023486,0.07878143074601944,0.07338960559885367,0],[0.24163015451087827,0.12969665098837382,0.36118151637810897,0.1290246223412177,0.06885690650770541,0.06961014927371603,0],[0.23089819919987462,0.1209398873960835,0.11201593049780353,0.354050992990586,0.12111787835253343,0.06097711156311885,0],[0.21319142536755106,0.11290443689061735,0.11215564046410353,0.11300777299725569,0.335607844540675,0.03546297682717607,0.07766990291262137]]}},"fourDeck":{"H17":{"us":[[0.20159450896999176,0.08273951986626649,0.20646656618048817,0.2067074755614574,0.20747130315330856,0.09502062626848772],[0.35662689773446393,0.13003987022308416,0.13569316616621577,0.13176417818183103,0.1256592989414138,0.12021658875299127],[0.3770901230939646,0.1256802654677198,0.1319203956851703,0.12646341196173283,0.1223780910894669,0.1164677127019456],[0.3991757027304969,0.12248562805223143,0.12444146995842964,0.1225513252840048,0.11782050453154014,0.1135253694432971],[0.42062909792427544,0.11795233597146317,0.12311124336997831,0.1181434638517466,0.11174116179961073,0.10842269708292583],[0.43914436639842236,0.11517509893157958,0.11445582969056307,0.11514519267113582,0.11012255911536827,0.10595695319293089],[0.26174245027265447,0.3695272861686986,0.13799744945916187,0.07832679482316705,0.07870814767962055,0.0736978715966974],[0.24317289020080762,0.12912791949445176,0.3602630593204067,0.12880003747681548,0.0691296120504626,0.06950648145705585],[0.22965308302323834,0.12046723139042223,0.11602016340057607,0.3524011795716534,0.12055532527809013,0.06090301733602002],[0.23046520064807308,0.1215558461027343,0.12115541480935106,0.1216071130106352,0.3673093182579558,0.03790710717125058]],"enhc":[[0.13926577189714398,0.0571582190380488,0.14263149257879126,0.14279791789994395,0.1433255862363435,0.06564226838837553,0.309178743961353],[0.35662689773446393,0.13003987022308416,0.13569316616621577,0.13176417818183103,0.1256592989414138,0.12021658875299127,0],[0.3770901230939646,0.1256802654677198,0.1319203956851703,0.12646341196173283,0.1223780910894669,0.1164677127019456,0],[0.3991757027304969,0.12248562805223143,0.12444146995842964,0.1225513252840048,0.11782050453154014,0.1135253694432971,0],[0.42062909792427544,0.11795233597146317,0.12311124336997831,0.1181434638517466,0.11174116179961073,0.10842269708292583,0],[0.43914436639842236,0.11517509893157958,0.11445582969056307,0.11514519267113582,0.11012255911536827,0.10595695319293089,0],[0.26174245027265447,0.3695272861686986,0.13799744945916187,0.07832679482316705,0.07870814767962055,0.0736978715966974,0],[0.24317289020080762,0.12912791949445176,0.3602630593204067,0.12880003747681548,0.0691296120504626,0.06950648145705585,0],[0.22965308302323834,0.12046723139042223,0.11602016340057607,0.3524011795716534,0.12055532527809013,0.06090301733602002,0],[0.21265146533228,0.11216022514793358,0.11179074506563311,0.1122075293962866,0.33891825984188195,0.03497708922564667,0.07729468599033817]]},"S17":{"us":[[0.16729288481978802,0.18764598615435052,0.18939530676048394,0.18889596379220727,0.1895873200118578,0.07718253846131243],[0.3534508581635315,0.13958194653948458,0.13412903192203943,0.13020121657014447,0.12401423036730172,0.11862271643749829],[0.37434895095958726,0.1339198502709071,0.13057003542364434,0.12505582843058408,0.12106377474492225,0.1150415601703549],[0.3964807953527001,0.130590658241072,0.1231108219095667,0.12121368632252376,0.11642031087893201,0.11218372729520545],[0.4194187559521341,0.12163663982938393,0.12253265940971005,0.11751214327310833,0.11110801027609032,0.1077917912595732],[0.42267589269456207,0.16583847611691677,0.10617268326710096,0.10651210533209975,0.10146818135814252,0.09733266123117802],[0.26174245027265447,0.3695272861686986,0.13799744945916187,0.07832679482316705,0.07870814767962055,0.0736978715966974],[0.24317289020080762,0.12912791949445176,0.3602630593204067,0.12880003747681548,0.0691296120504626,0.06950648145705585],[0.22965308302323834,0.12046723139042223,0.11602016340057607,0.3524011795716534,0.12055532527809013,0.06090301733602002],[0.23046520064807308,0.1215558461027343,0.12115541480935106,0.1216071130106352,0.3673093182579558,0.03790710717125058]],"enhc":[[0.11556948081753471,0.12962983584575904,0.13083830370410243,0.13049334696756348,0.1309709505395926,0.05331933816409506,0.3091787439613527],[0.3534508581635315,0.13958194653948458,0.13412903192203943,0.13020121657014447,0.12401423036730172,0.11862271643749829,0],[0.37434895095958726,0.1339198502709071,0.13057003542364434,0.12505582843058408,0.12106377474492225,0.1150415601703549,0],[0.3964807953527001,0.130590658241072,0.1231108219095667,0.12121368632252376,0.11642031087893201,0.11218372729520545,0],[0.4194187559521341,0.12163663982938393,0.12253265940971005,0.11751214327310833,0.11110801027609032,0.1077917912595732,0],[0.42267589269456207,0.16583847611691677,0.10617268326710096,0.10651210533209975,0.10146818135814252,0.09733266123117802,0],[0.26174245027265447,0.3695272861686986,0.13799744945916187,0.07832679482316705,0.07870814767962055,0.0736978715966974,0],[0.24317289020080762,0.12912791949445176,0.3602630593204067,0.12880003747681548,0.0691296120504626,0.06950648145705585,0],[0.22965308302323834,0.12046723139042223,0.11602016340057607,0.3524011795716534,0.12055532527809013,0.06090301733602002,0],[0.21265146533228,0.11216022514793358,0.11179074506563311,0.1122075293962866,0.33891825984188195,0.03497708922564667,0.07729468599033817]]}},"sixDeck":{"H17":{"us":[[0.2012806908629686,0.08284238468340377,0.20659330689639774,0.20675720302309297,0.2072622949077627,0.09526411962637427],[0.3566605251743844,0.13007092130803216,0.13597754635791995,0.13160749596331042,0.12566171004477986,0.12002180115157311],[0.37695821585741635,0.1258997289947969,0.13193044549228256,0.12665628448381486,0.12218466869538949,0.11637065647629988],[0.3984698696142528,0.1224579962259538,0.1254051093671251,0.12262001698325395,0.11783040839134934,0.1132165994180651],[0.4196315487958509,0.11808926947126733,0.12304232692219874,0.11821618921554147,0.11243495699810205,0.1085857085970395],[0.43925914148402745,0.11506400423891694,0.11457430260414903,0.11504290978496366,0.11017741773403977,0.10588222415390307],[0.26193567586820904,0.36920803526053086,0.13793092270091073,0.07842801423089618,0.07868157627732507,0.07381577566212821],[0.24369289795036514,0.12893999214018803,0.3599549138645801,0.12872316780058848,0.06921887942591431,0.06947014881836387],[0.22924189332195258,0.120309854777271,0.11734847635517623,0.3518542067824964,0.12036839279403891,0.06087717596906465],[0.23023853966593302,0.12127267184721145,0.12100690986281361,0.12130582749005,0.368447116955806,0.037728934178185784]],"enhc":[[0.13914903066089473,0.05727045886473252,0.14282173949429428,0.1429350438905627,0.14328422316774597,0.06585783189604653,0.3086816720257233],[0.3566605251743844,0.13007092130803216,0.13597754635791995,0.13160749596331042,0.12566171004477986,0.12002180115157311,0],[0.37695821585741635,0.1258997289947969,0.13193044549228256,0.12665628448381486,0.12218466869538949,0.11637065647629988,0],[0.3984698696142528,0.1224579962259538,0.1254051093671251,0.12262001698325395,0.11783040839134934,0.1132165994180651,0],[0.4196315487958509,0.11808926947126733,0.12304232692219874,0.11821618921554147,0.11243495699810205,0.1085857085970395,0],[0.43925914148402745,0.11506400423891694,0.11457430260414903,0.11504290978496366,0.11017741773403977,0.10588222415390307,0],[0.26193567586820904,0.36920803526053086,0.13793092270091073,0.07842801423089618,0.07868157627732507,0.07381577566212821,0],[0.24369289795036514,0.12893999214018803,0.3599549138645801,0.12872316780058848,0.06921887942591431,0.06947014881836387,0],[0.22924189332195258,0.120309854777271,0.11734847635517623,0.3518542067824964,0.12036839279403891,0.06087717596906465,0],[0.21247093531872277,0.11191400906800542,0.11166875604703377,0.11194460607602685,0.34001389892706213,0.03481737655671807,0.07717041800643086]]},"S17":{"us":[[0.16703298785379334,0.18807056826882432,0.18923490214553232,0.18890566655043808,0.1893623906795635,0.07739348450184837],[0.3535037055569618,0.1396564002951381,0.1343886267453227,0.13001965464336285,0.12401888321248347,0.11841272954673114],[0.37419409717495117,0.13429575365167443,0.1305388238768864,0.12522601206221637,0.1208174086547274,0.1149279045795443],[0.3958049180346554,0.13055572282048686,0.12406151628064811,0.12127156506562757,0.11644067621301607,0.1118656015855659],[0.4184059422952499,0.12184345848442746,0.1224371220754273,0.11757537804257892,0.11179292356038391,0.10794517554193264],[0.42284160436207663,0.16570661089303831,0.10619404424062558,0.1064312382527371,0.10155092255566602,0.09727557969585642],[0.26193567586820904,0.36920803526053086,0.13793092270091073,0.07842801423089618,0.07868157627732507,0.07381577566212821],[0.24369289795036514,0.12893999214018803,0.3599549138645801,0.12872316780058848,0.06921887942591431,0.06947014881836387],[0.22924189332195258,0.120309854777271,0.11734847635517623,0.3518542067824964,0.12036839279403891,0.06087717596906465],[0.23023853966593302,0.12127267184721145,0.12100690986281361,0.12130582749005,0.368447116955806,0.037728934178185784]],"enhc":[[0.11547296587963206,0.13001663079677567,0.13082155614562527,0.1305939495445151,0.1309096913058076,0.05350353430192091,0.30868167202572344],[0.3535037055569618,0.1396564002951381,0.1343886267453227,0.13001965464336285,0.12401888321248347,0.11841272954673114,0],[0.37419409717495117,0.13429575365167443,0.1305388238768864,0.12522601206221637,0.1208174086547274,0.1149279045795443,0],[0.3958049180346554,0.13055572282048686,0.12406151628064811,0.12127156506562757,0.11644067621301607,0.1118656015855659,0],[0.4184059422952499,0.12184345848442746,0.1224371220754273,0.11757537804257892,0.11179292356038391,0.10794517554193264,0],[0.42284160436207663,0.16570661089303831,0.10619404424062558,0.1064312382527371,0.10155092255566602,0.09727557969585642,0],[0.26193567586820904,0.36920803526053086,0.13793092270091073,0.07842801423089618,0.07868157627732507,0.07381577566212821,0],[0.24369289795036514,0.12893999214018803,0.3599549138645801,0.12872316780058848,0.06921887942591431,0.06947014881836387,0],[0.22924189332195258,0.120309854777271,0.11734847635517623,0.3518542067824964,0.12036839279403891,0.06087717596906465,0],[0.21247093531872277,0.11191400906800542,0.11166875604703377,0.11194460607602685,0.34001389892706213,0.03481737655671807,0.07717041800643086]]}},"eightDeck":{"H17":{"us":[[0.20112500554890797,0.08289352662541859,0.2066571606034482,0.20678130551845647,0.2071585966493706,0.09538440505439809],[0.3566773656348953,0.1300865817752357,0.13611970047818275,0.13152916799146303,0.12566276325334058,0.11992442086688267],[0.3768907085479626,0.126008115208959,0.13193628642993535,0.12675439325638765,0.12208865065310852,0.11632184590364682],[0.3981190856468668,0.12244455063033693,0.12588378875288664,0.12265415700920561,0.11783583062747419,0.11306258733322991],[0.41913558128852035,0.11815721091664838,0.12300864581245485,0.1182522137774305,0.11277991803660262,0.10866643016834336],[0.4393137408558049,0.115007933773761,0.11463686713953061,0.11499168523809801,0.11020471067184966,0.1058450623209559],[0.2620310696578634,0.3690479867123548,0.13789754670643428,0.07847798304741406,0.07866790258721579,0.07387751128871767],[0.24395395265076114,0.12884633140809446,0.3598004807676476,0.12868436855149126,0.0692632051118674,0.069451661510138],[0.22903700805580043,0.1202312066931565,0.11801142558657428,0.35158127287173274,0.1202750396885873,0.06086404710414879],[0.2301251606191094,0.12113150769714391,0.1209326293731813,0.12115599568647725,0.36901438432482336,0.037640322299264714]],"enhc":[[0.13909126889767856,0.05732636660601239,0.14291712070648108,0.1430029751416796,0.14326389695992622,0.06596463674846327,0.30843373493975884],[0.3566773656348953,0.1300865817752357,0.13611970047818275,0.13152916799146303,0.12566276325334058,0.11992442086688267,0],[0.3768907085479626,0.126008115208959,0.13193628642993535,0.12675439325638765,0.12208865065310852,0.11632184590364682,0],[0.3981190856468668,0.12244455063033693,0.12588378875288664,0.12265415700920561,0.11783583062747419,0.11306258733322991,0],[0.41913558128852035,0.11815721091664838,0.12300864581245485,0.1182522137774305,0.11277991803660262,0.10866643016834336,0],[0.4393137408558049,0.115007933773761,0.11463686713953061,0.11499168523809801,0.11020471067184966,0.1058450623209559,0],[0.2620310696578634,0.3690479867123548,0.13789754670643428,0.07847798304741406,0.07866790258721579,0.07387751128871767,0],[0.24395395265076114,0.12884633140809446,0.3598004807676476,0.12868436855149126,0.0692632051118674,0.069451661510138,0],[0.22903700805580043,0.1202312066931565,0.11801142558657428,0.35158127287173274,0.1202750396885873,0.06086404710414879,0],[0.21238056992076845,0.11179124686266535,0.11160770373476733,0.11181384662149589,0.34056026312387316,0.03473793600149009,0.07710843373493977]]},"S17":{"us":[[0.16690447778457,0.18828255340167516,0.1891551038921625,0.18890953480642264,0.18925053019568716,0.07749779991948262],[0.35352998604138974,0.13969411241238802,0.13451834522132816,0.12992873324131693,0.12402099404776405,0.11830782903581323],[0.3741154699062576,0.13448198990946486,0.13052396481957412,0.12531289795778716,0.12069472266689035,0.11487095474002572],[0.3954689002695157,0.13053874973191673,0.12453374097730394,0.12130039069449262,0.11645126095849775,0.11170695736827316],[0.41790247541186015,0.12194614049682787,0.12239001950039095,0.1176067173297217,0.11213350438070686,0.10802114288049235],[0.42292161997307814,0.16564008332662392,0.10620847799662914,0.10639043493183706,0.10159211062188966,0.09724727314994211],[0.2620310696578634,0.3690479867123548,0.13789754670643428,0.07847798304741406,0.07866790258721579,0.07387751128871767],[0.24395395265076114,0.12884633140809446,0.3598004807676476,0.12868436855149126,0.0692632051118674,0.069451661510138],[0.22903700805580043,0.1202312066931565,0.11801142558657428,0.35158127287173274,0.1202750396885873,0.06086404710414879],[0.2301251606191094,0.12113150769714391,0.1209326293731813,0.12115599568647725,0.36901438432482336,0.037640322299264714]],"enhc":[[0.11542550632330506,0.1302098622320019,0.13081328871578468,0.13064346142034533,0.13087928232810175,0.05359486404070245,0.3084337349397589],[0.35352998604138974,0.13969411241238802,0.13451834522132816,0.12992873324131693,0.12402099404776405,0.11830782903581323,0],[0.3741154699062576,0.13448198990946486,0.13052396481957412,0.12531289795778716,0.12069472266689035,0.11487095474002572,0],[0.3954689002695157,0.13053874973191673,0.12453374097730394,0.12130039069449262,0.11645126095849775,0.11170695736827316,0],[0.41790247541186015,0.12194614049682787,0.12239001950039095,0.1176067173297217,0.11213350438070686,0.10802114288049235,0],[0.42292161997307814,0.16564008332662392,0.10620847799662914,0.10639043493183706,0.10159211062188966,0.09724727314994211,0],[0.2620310696578634,0.3690479867123548,0.13789754670643428,0.07847798304741406,0.07866790258721579,0.07387751128871767,0],[0.24395395265076114,0.12884633140809446,0.3598004807676476,0.12868436855149126,0.0692632051118674,0.069451661510138,0],[0.22903700805580043,0.1202312066931565,0.11801142558657428,0.35158127287173274,0.1202750396885873,0.06086404710414879,0],[0.21238056992076845,0.11179124686266535,0.11160770373476733,0.11181384662149589,0.34056026312387316,0.03473793600149009,0.07710843373493977]]}}}}